Probabilities of Adverbials Before/After S, V, O:
<place>: {'before_<S>': 0.3888396811337467, 'after_<S>': 0.6111603188662533, 'before_<V>': 0.4348981399468556, 'after_<V>': 0.5651018600531443, 'before_<O>': 0.3739495798319328, 'after_<O>': 0.6260504201680672}
<condition>: {'before_<S>': 0.44871794871794873, 'after_<S>': 0.5512820512820513, 'before_<V>': 0.47435897435897434, 'after_<V>': 0.5256410256410257, 'before_<O>': 0.3786407766990291, 'after_<O>': 0.6213592233009708}
<cause>: {'before_<S>': 0.32142857142857145, 'after_<S>': 0.6785714285714286, 'before_<V>': 0.3130252100840336, 'after_<V>': 0.6869747899159664, 'before_<O>': 0.2696245733788396, 'after_<O>': 0.7303754266211604}
<effect>: {'before_<S>': 0.3381950774840474, 'after_<S>': 0.6618049225159526, 'before_<V>': 0.33363719234275296, 'after_<V>': 0.6663628076572471, 'before_<O>': 0.30666666666666664, 'after_<O>': 0.6933333333333334}
<time>: {'before_<S>': 0.4039483675018983, 'after_<S>': 0.5960516324981018, 'before_<V>': 0.44166666666666665, 'after_<V>': 0.5583333333333333, 'before_<O>': 0.4138728323699422, 'after_<O>': 0.5861271676300578}
<manner>: {'before_<S>': 0.37037037037037035, 'after_<S>': 0.6296296296296297, 'before_<V>': 0.40185185185185185, 'after_<V>': 0.5981481481481481, 'before_<O>': 0.32360742705570295, 'after_<O>': 0.6763925729442971}
<purpose>: {'before_<S>': 0.34901960784313724, 'after_<S>': 0.6509803921568628, 'before_<V>': 0.35294117647058826, 'after_<V>': 0.6470588235294118, 'before_<O>': 0.2862523540489642, 'after_<O>': 0.7137476459510358}
<concession>: {'before_<S>': 0.37359550561797755, 'after_<S>': 0.6264044943820225, 'before_<V>': 0.40168539325842695, 'after_<V>': 0.598314606741573, 'before_<O>': 0.329004329004329, 'after_<O>': 0.670995670995671}

Top 50 SVO and Adverbial Combinations with Line Numbers:
<S><V><effect>: 127, Lines: [33, 42, 87, 167, 193, 205, 254, 279, 316, 342, 381, 400, 432, 453, 480, 625, 661, 678, 681, 819, 868, 906, 1025, 1036, 1114, 1122, 1143, 1159, 1170, 1218, 1226, 1232, 1234, 1238, 1240, 1257, 1263, 1266, 1284, 1288, 1294, 1306, 1309, 1323, 1325, 1326, 1331, 1341, 1368, 1380, 1479, 1491, 1499, 1503, 1505, 1540, 1565, 1597, 1700, 1705, 1710, 1729, 1802, 1842, 1844, 1878, 1985, 1988, 2005, 2054, 2086, 2092, 2093, 2137, 2138, 2149, 2167, 2169, 2188, 2275, 2279, 2280, 2282, 2283, 2293, 2349, 2379, 2389, 2392, 2401, 2404, 2422, 2460, 2461, 2468, 2473, 2475, 2494, 2497, 2515, 2533, 2542, 2559, 2575, 2602, 2673, 2698, 2728, 2751, 2753, 2793, 2801, 2821, 2822, 2862, 2865, 2866, 2867, 2907, 2912, 2914, 2920, 2936, 2937, 2945, 2953, 2993]
<S><V><O><time>: 81, Lines: [81, 172, 176, 184, 243, 266, 404, 406, 426, 440, 443, 457, 520, 529, 546, 659, 830, 871, 910, 918, 949, 955, 972, 1011, 1028, 1043, 1094, 1111, 1153, 1165, 1184, 1191, 1209, 1249, 1250, 1285, 1342, 1377, 1389, 1428, 1458, 1473, 1474, 1477, 1518, 1583, 1645, 1677, 1722, 1728, 1756, 1809, 1862, 1865, 1880, 1905, 1909, 1983, 1987, 1997, 2000, 2060, 2168, 2321, 2381, 2390, 2417, 2510, 2604, 2623, 2649, 2663, 2671, 2688, 2743, 2779, 2780, 2825, 2855, 2939, 2942]
<S><V><O><effect>: 70, Lines: [43, 49, 213, 288, 335, 345, 407, 415, 458, 468, 491, 586, 606, 630, 653, 786, 799, 909, 922, 967, 1006, 1075, 1157, 1167, 1174, 1182, 1183, 1298, 1329, 1409, 1436, 1438, 1447, 1492, 1589, 1623, 1685, 1738, 1769, 1806, 1882, 1952, 1975, 2014, 2034, 2094, 2146, 2181, 2197, 2208, 2272, 2273, 2274, 2276, 2309, 2311, 2317, 2332, 2353, 2355, 2395, 2436, 2448, 2601, 2637, 2745, 2878, 2989, 3008, 3018]
<S><V><O><place>: 61, Lines: [6, 21, 61, 120, 295, 343, 372, 383, 399, 428, 442, 444, 500, 504, 519, 544, 638, 804, 1034, 1124, 1154, 1164, 1241, 1258, 1359, 1375, 1406, 1569, 1603, 1635, 1707, 1720, 1770, 1839, 1914, 1947, 1948, 1995, 2133, 2156, 2220, 2232, 2242, 2263, 2298, 2375, 2413, 2577, 2658, 2709, 2710, 2711, 2723, 2729, 2773, 2818, 2860, 2888, 2895, 2955, 2968]
<S><V><O><purpose>: 59, Lines: [17, 41, 101, 179, 229, 231, 240, 241, 253, 272, 302, 356, 387, 492, 508, 563, 571, 580, 582, 604, 877, 929, 940, 973, 987, 1009, 1020, 1033, 1230, 1239, 1264, 1387, 1414, 1452, 1466, 1485, 1494, 1496, 1684, 1907, 1971, 2027, 2095, 2191, 2285, 2290, 2334, 2373, 2400, 2442, 2471, 2600, 2616, 2687, 2692, 2704, 2756, 2783, 3009]
<S><V><place>: 51, Lines: [78, 92, 212, 363, 365, 673, 769, 837, 838, 850, 914, 930, 932, 944, 1141, 1177, 1286, 1401, 1441, 1451, 1509, 1529, 1567, 1628, 1658, 1805, 1860, 1864, 1927, 1974, 2120, 2172, 2213, 2218, 2428, 2491, 2569, 2580, 2582, 2603, 2626, 2702, 2706, 2735, 2742, 2759, 2876, 2886, 2986, 2998, 3000]
<S><V><time>: 45, Lines: [47, 94, 103, 151, 202, 204, 380, 391, 422, 566, 641, 665, 689, 893, 895, 986, 1014, 1058, 1069, 1103, 1106, 1132, 1192, 1217, 1224, 1403, 1633, 1740, 1744, 1919, 1925, 2003, 2045, 2074, 2116, 2127, 2248, 2303, 2305, 2568, 2581, 2607, 2628, 2645, 2890]
<S><V><purpose>: 43, Lines: [69, 91, 200, 300, 375, 499, 543, 551, 764, 781, 864, 881, 899, 1168, 1219, 1236, 1289, 1388, 1439, 1580, 1619, 1689, 1970, 2061, 2115, 2297, 2344, 2350, 2399, 2405, 2425, 2502, 2540, 2548, 2579, 2591, 2724, 2726, 2727, 2731, 2748, 2856, 2885]
<S><V><O><concession>: 33, Lines: [14, 185, 382, 644, 735, 820, 879, 1061, 1077, 1078, 1082, 1112, 1123, 1171, 1186, 1222, 1228, 1254, 1363, 1376, 1410, 1443, 1456, 1708, 1986, 2079, 2308, 2463, 2552, 2565, 2905, 2911, 2918]
<S><V><O><manner>: 32, Lines: [31, 54, 162, 216, 366, 393, 531, 648, 797, 982, 1060, 1065, 1080, 1253, 1346, 1468, 1493, 1498, 1821, 1900, 1916, 2200, 2376, 2410, 2480, 2732, 2739, 2741, 2758, 2768, 2769, 2966]
<S><V><O><cause>: 23, Lines: [59, 107, 324, 423, 547, 553, 559, 805, 1032, 1110, 1340, 1394, 1519, 1640, 1771, 1779, 1976, 2012, 2525, 2535, 2556, 2816, 2981]
<S><V><effect><time>: 21, Lines: [123, 139, 642, 969, 1160, 1260, 1353, 1514, 1566, 1584, 2151, 2426, 2450, 2467, 2516, 2541, 2574, 2619, 2620, 2670, 2930]
<S><V><effect><cause>: 20, Lines: [18, 111, 291, 445, 1007, 1087, 1181, 1482, 1512, 1585, 1607, 1964, 2284, 2351, 2435, 2447, 2482, 2531, 2629, 2850]
<S><V><time><place>: 20, Lines: [194, 437, 446, 497, 524, 931, 1085, 1109, 1271, 1830, 1849, 2024, 2142, 2476, 2762, 2767, 2946, 2975, 2987, 2999]
<S><V><cause>: 18, Lines: [280, 461, 635, 721, 809, 1187, 1279, 1365, 1444, 1573, 2144, 2301, 2526, 2534, 2597, 2612, 2737, 2995]
<S><V><O><time><cause>: 17, Lines: [232, 420, 634, 787, 968, 996, 1758, 1795, 2118, 2238, 2319, 2509, 2517, 2518, 2522, 2599, 2854]
<S><V><time><cause>: 15, Lines: [112, 154, 268, 301, 595, 1008, 1029, 1547, 1697, 2268, 2316, 2382, 2538, 2691, 2991]
<S><V><effect><concession>: 15, Lines: [265, 474, 728, 917, 974, 1039, 1327, 1404, 1532, 2150, 2256, 2588, 2880, 2947, 2951]
<S><V><time><effect>: 14, Lines: [26, 230, 669, 825, 1205, 1508, 1611, 1636, 2155, 2393, 2394, 2474, 2493, 2694]
<S><V><O><place><time>: 14, Lines: [493, 498, 782, 950, 1079, 1625, 1669, 1742, 1915, 2029, 2178, 2243, 2483, 2823]
<S><V><O><time><purpose>: 12, Lines: [16, 60, 613, 744, 1334, 1386, 1435, 1899, 2058, 2098, 2108, 2241]
<S><V><place><time>: 12, Lines: [222, 259, 954, 1320, 1350, 1692, 1716, 1994, 2158, 2881, 2926, 3013]
<S><V><effect><place>: 12, Lines: [351, 478, 514, 1016, 1427, 1586, 1760, 2123, 2327, 2472, 2592, 2672]
<S><V><manner>: 12, Lines: [663, 715, 1117, 1134, 1144, 1243, 1296, 1608, 1813, 2110, 2270, 2839]
<S><V><O><place><purpose>: 10, Lines: [74, 687, 1687, 1858, 2412, 2523, 2528, 2652, 2718, 2887]
<S><V><O><time><manner>: 10, Lines: [177, 672, 792, 827, 988, 1022, 1369, 1966, 2409, 2638]
<S><V><O><time><S><V><O>: 10, Lines: [255, 379, 626, 885, 1002, 1579, 1773, 2230, 2842, 2844]
<S><V><O><condition>: 10, Lines: [256, 507, 746, 894, 985, 990, 1198, 1307, 1411, 1571]
<S><V><O><time><place>: 10, Lines: [466, 541, 960, 1035, 1364, 1382, 1863, 2170, 2245, 2840]
<S><V><place><cause>: 9, Lines: [8, 750, 1127, 1321, 1587, 2055, 2121, 2543, 2859]
<S><V><effect><S><V><effect>: 9, Lines: [11, 652, 1115, 1169, 1233, 1574, 1593, 2371, 2940]
<S><V><effect><S><V>: 9, Lines: [88, 310, 1501, 1602, 1747, 1754, 1827, 2449, 2492]
<S><V><O><place><S><V>: 9, Lines: [173, 919, 920, 1642, 1651, 1798, 1819, 2022, 2221]
<S><V><O><place><cause>: 9, Lines: [258, 1516, 1595, 2017, 2037, 2212, 2651, 2740, 2843]
<S><V><place><effect>: 8, Lines: [19, 913, 915, 1235, 1267, 1554, 1739, 2228]
<S><V><O><effect><cause>: 8, Lines: [148, 248, 801, 811, 1116, 1944, 2162, 2501]
<S><V><O><manner><effect>: 8, Lines: [397, 527, 668, 1100, 1125, 1163, 1694, 2558]
<S><V><O><S><V><O><time>: 8, Lines: [522, 867, 936, 1037, 1038, 1913, 2159, 2786]
<S><V><place><S><V>: 8, Lines: [1399, 1644, 1660, 1755, 1958, 2001, 2257, 2730]
<S><V><O><purpose><time>: 7, Lines: [376, 995, 1015, 2203, 2433, 2798, 2848]
<S><V><O><time><concession>: 7, Lines: [427, 538, 568, 1884, 2431, 2686, 2964]
<S><V><O><manner><purpose>: 7, Lines: [516, 863, 1176, 2546, 2593, 2962, 2983]
<S><V><O><time><effect>: 7, Lines: [576, 1259, 2160, 2179, 2310, 2527, 2695]
<S><V><O><time><S><V><effect>: 7, Lines: [1178, 1242, 1275, 1417, 2669, 2693, 2830]
<S><V><time><manner>: 6, Lines: [5, 732, 736, 1308, 1868, 2674]
<S><V><time><purpose>: 6, Lines: [227, 726, 984, 2300, 2486, 2708]
<S><V><purpose><concession>: 6, Lines: [330, 646, 1137, 1246, 2331, 2889]
<S><V><O><time><S><V>: 6, Lines: [858, 1347, 1746, 1963, 2366, 2667]
<S><V><O><purpose><effect>: 5, Lines: [76, 262, 1912, 2033, 2453]
<S><V><O><place><S><V><O><place>: 5, Lines: [211, 494, 1295, 1322, 1675]

Top 50 SVO and Adverbial Combinations with Line Numbers:
<S><V><effect>: 127, Lines: [33, 42, 87, 167, 193, 205, 254, 279, 316, 342, 381, 400, 432, 453, 480, 625, 661, 678, 681, 819, 868, 906, 1025, 1036, 1114, 1122, 1143, 1159, 1170, 1218, 1226, 1232, 1234, 1238, 1240, 1257, 1263, 1266, 1284, 1288, 1294, 1306, 1309, 1323, 1325, 1326, 1331, 1341, 1368, 1380, 1479, 1491, 1499, 1503, 1505, 1540, 1565, 1597, 1700, 1705, 1710, 1729, 1802, 1842, 1844, 1878, 1985, 1988, 2005, 2054, 2086, 2092, 2093, 2137, 2138, 2149, 2167, 2169, 2188, 2275, 2279, 2280, 2282, 2283, 2293, 2349, 2379, 2389, 2392, 2401, 2404, 2422, 2460, 2461, 2468, 2473, 2475, 2494, 2497, 2515, 2533, 2542, 2559, 2575, 2602, 2673, 2698, 2728, 2751, 2753, 2793, 2801, 2821, 2822, 2862, 2865, 2866, 2867, 2907, 2912, 2914, 2920, 2936, 2937, 2945, 2953, 2993]
<S><V><O><time>: 81, Lines: [81, 172, 176, 184, 243, 266, 404, 406, 426, 440, 443, 457, 520, 529, 546, 659, 830, 871, 910, 918, 949, 955, 972, 1011, 1028, 1043, 1094, 1111, 1153, 1165, 1184, 1191, 1209, 1249, 1250, 1285, 1342, 1377, 1389, 1428, 1458, 1473, 1474, 1477, 1518, 1583, 1645, 1677, 1722, 1728, 1756, 1809, 1862, 1865, 1880, 1905, 1909, 1983, 1987, 1997, 2000, 2060, 2168, 2321, 2381, 2390, 2417, 2510, 2604, 2623, 2649, 2663, 2671, 2688, 2743, 2779, 2780, 2825, 2855, 2939, 2942]
<S><V><O><effect>: 70, Lines: [43, 49, 213, 288, 335, 345, 407, 415, 458, 468, 491, 586, 606, 630, 653, 786, 799, 909, 922, 967, 1006, 1075, 1157, 1167, 1174, 1182, 1183, 1298, 1329, 1409, 1436, 1438, 1447, 1492, 1589, 1623, 1685, 1738, 1769, 1806, 1882, 1952, 1975, 2014, 2034, 2094, 2146, 2181, 2197, 2208, 2272, 2273, 2274, 2276, 2309, 2311, 2317, 2332, 2353, 2355, 2395, 2436, 2448, 2601, 2637, 2745, 2878, 2989, 3008, 3018]
<S><V><O><place>: 61, Lines: [6, 21, 61, 120, 295, 343, 372, 383, 399, 428, 442, 444, 500, 504, 519, 544, 638, 804, 1034, 1124, 1154, 1164, 1241, 1258, 1359, 1375, 1406, 1569, 1603, 1635, 1707, 1720, 1770, 1839, 1914, 1947, 1948, 1995, 2133, 2156, 2220, 2232, 2242, 2263, 2298, 2375, 2413, 2577, 2658, 2709, 2710, 2711, 2723, 2729, 2773, 2818, 2860, 2888, 2895, 2955, 2968]
<S><V><O><purpose>: 59, Lines: [17, 41, 101, 179, 229, 231, 240, 241, 253, 272, 302, 356, 387, 492, 508, 563, 571, 580, 582, 604, 877, 929, 940, 973, 987, 1009, 1020, 1033, 1230, 1239, 1264, 1387, 1414, 1452, 1466, 1485, 1494, 1496, 1684, 1907, 1971, 2027, 2095, 2191, 2285, 2290, 2334, 2373, 2400, 2442, 2471, 2600, 2616, 2687, 2692, 2704, 2756, 2783, 3009]
<S><V><place>: 51, Lines: [78, 92, 212, 363, 365, 673, 769, 837, 838, 850, 914, 930, 932, 944, 1141, 1177, 1286, 1401, 1441, 1451, 1509, 1529, 1567, 1628, 1658, 1805, 1860, 1864, 1927, 1974, 2120, 2172, 2213, 2218, 2428, 2491, 2569, 2580, 2582, 2603, 2626, 2702, 2706, 2735, 2742, 2759, 2876, 2886, 2986, 2998, 3000]
<S><V><O><concession>: 33, Lines: [14, 185, 382, 644, 735, 820, 879, 1061, 1077, 1078, 1082, 1112, 1123, 1171, 1186, 1222, 1228, 1254, 1363, 1376, 1410, 1443, 1456, 1708, 1986, 2079, 2308, 2463, 2552, 2565, 2905, 2911, 2918]
<S><V><O><manner>: 32, Lines: [31, 54, 162, 216, 366, 393, 531, 648, 797, 982, 1060, 1065, 1080, 1253, 1346, 1468, 1493, 1498, 1821, 1900, 1916, 2200, 2376, 2410, 2480, 2732, 2739, 2741, 2758, 2768, 2769, 2966]
<S><V><O><cause>: 23, Lines: [59, 107, 324, 423, 547, 553, 559, 805, 1032, 1110, 1340, 1394, 1519, 1640, 1771, 1779, 1976, 2012, 2525, 2535, 2556, 2816, 2981]

<S><V><effect><time>: 21, Lines: [123, 139, 642, 969, 1160, 1260, 1353, 1514, 1566, 1584, 2151, 2426, 2450, 2467, 2516, 2541, 2574, 2619, 2620, 2670, 2930]
<S><V><effect><cause>: 20, Lines: [18, 111, 291, 445, 1007, 1087, 1181, 1482, 1512, 1585, 1607, 1964, 2284, 2351, 2435, 2447, 2482, 2531, 2629, 2850]
<S><V><time><place>: 20, Lines: [194, 437, 446, 497, 524, 931, 1085, 1109, 1271, 1830, 1849, 2024, 2142, 2476, 2762, 2767, 2946, 2975, 2987, 2999]
<S><V><cause>: 18, Lines: [280, 461, 635, 721, 809, 1187, 1279, 1365, 1444, 1573, 2144, 2301, 2526, 2534, 2597, 2612, 2737, 2995]
<S><V><O><time><cause>: 17, Lines: [232, 420, 634, 787, 968, 996, 1758, 1795, 2118, 2238, 2319, 2509, 2517, 2518, 2522, 2599, 2854]
<S><V><time><cause>: 15, Lines: [112, 154, 268, 301, 595, 1008, 1029, 1547, 1697, 2268, 2316, 2382, 2538, 2691, 2991]
<S><V><effect><concession>: 15, Lines: [265, 474, 728, 917, 974, 1039, 1327, 1404, 1532, 2150, 2256, 2588, 2880, 2947, 2951]
<S><V><time><effect>: 14, Lines: [26, 230, 669, 825, 1205, 1508, 1611, 1636, 2155, 2393, 2394, 2474, 2493, 2694]
<S><V><O><place><time>: 14, Lines: [493, 498, 782, 950, 1079, 1625, 1669, 1742, 1915, 2029, 2178, 2243, 2483, 2823]
<S><V><O><time><purpose>: 12, Lines: [16, 60, 613, 744, 1334, 1386, 1435, 1899, 2058, 2098, 2108, 2241]
<S><V><place><time>: 12, Lines: [222, 259, 954, 1320, 1350, 1692, 1716, 1994, 2158, 2881, 2926, 3013]
<S><V><effect><place>: 12, Lines: [351, 478, 514, 1016, 1427, 1586, 1760, 2123, 2327, 2472, 2592, 2672]
<S><V><manner>: 12, Lines: [663, 715, 1117, 1134, 1144, 1243, 1296, 1608, 1813, 2110, 2270, 2839]
<S><V><O><place><purpose>: 10, Lines: [74, 687, 1687, 1858, 2412, 2523, 2528, 2652, 2718, 2887]
<S><V><O><time><manner>: 10, Lines: [177, 672, 792, 827, 988, 1022, 1369, 1966, 2409, 2638]
<S><V><O><time><S><V><O>: 10, Lines: [255, 379, 626, 885, 1002, 1579, 1773, 2230, 2842, 2844]
<S><V><O><condition>: 10, Lines: [256, 507, 746, 894, 985, 990, 1198, 1307, 1411, 1571]
<S><V><O><time><place>: 10, Lines: [466, 541, 960, 1035, 1364, 1382, 1863, 2170, 2245, 2840]
<S><V><place><cause>: 9, Lines: [8, 750, 1127, 1321, 1587, 2055, 2121, 2543, 2859]
<S><V><effect><S><V><effect>: 9, Lines: [11, 652, 1115, 1169, 1233, 1574, 1593, 2371, 2940]
<S><V><effect><S><V>: 9, Lines: [88, 310, 1501, 1602, 1747, 1754, 1827, 2449, 2492]
<S><V><O><place><S><V>: 9, Lines: [173, 919, 920, 1642, 1651, 1798, 1819, 2022, 2221]
<S><V><O><place><cause>: 9, Lines: [258, 1516, 1595, 2017, 2037, 2212, 2651, 2740, 2843]
<S><V><place><effect>: 8, Lines: [19, 913, 915, 1235, 1267, 1554, 1739, 2228]
<S><V><O><effect><cause>: 8, Lines: [148, 248, 801, 811, 1116, 1944, 2162, 2501]
<S><V><O><manner><effect>: 8, Lines: [397, 527, 668, 1100, 1125, 1163, 1694, 2558]
<S><V><O><S><V><O><time>: 8, Lines: [522, 867, 936, 1037, 1038, 1913, 2159, 2786]
<S><V><place><S><V>: 8, Lines: [1399, 1644, 1660, 1755, 1958, 2001, 2257, 2730]
<S><V><O><purpose><time>: 7, Lines: [376, 995, 1015, 2203, 2433, 2798, 2848]
<S><V><O><time><concession>: 7, Lines: [427, 538, 568, 1884, 2431, 2686, 2964]
<S><V><O><manner><purpose>: 7, Lines: [516, 863, 1176, 2546, 2593, 2962, 2983]
<S><V><O><time><effect>: 7, Lines: [576, 1259, 2160, 2179, 2310, 2527, 2695]
<S><V><O><time><S><V><effect>: 7, Lines: [1178, 1242, 1275, 1417, 2669, 2693, 2830]
<S><V><time><manner>: 6, Lines: [5, 732, 736, 1308, 1868, 2674]
<S><V><time><purpose>: 6, Lines: [227, 726, 984, 2300, 2486, 2708]
<S><V><purpose><concession>: 6, Lines: [330, 646, 1137, 1246, 2331, 2889]
<S><V><O><time><S><V>: 6, Lines: [858, 1347, 1746, 1963, 2366, 2667]
<S><V><O><purpose><effect>: 5, Lines: [76, 262, 1912, 2033, 2453]
<S><V><O><place><S><V><O><place>: 5, Lines: [211, 494, 1295, 1322, 1675]