Top 50 Multiple Adverbial Combinations with Line Numbers:
<time><place>: 152, Lines: [65, 96, 122, 134, 136, 160, 166, 189, 194, 210, 244, 246, 287, 312, 331, 340, 346, 364, 367, 402, 437, 446, 466, 471, 497, 506, 515, 524, 541, 542, 542, 542, 583, 591, 621, 631, 637, 657, 675, 695, 696, 700, 712, 731, 768, 823, 840, 888, 931, 960, 977, 1035, 1085, 1109, 1201, 1265, 1271, 1330, 1343, 1344, 1344, 1361, 1362, 1364, 1371, 1379, 1382, 1431, 1459, 1480, 1483, 1513, 1515, 1523, 1527, 1605, 1612, 1615, 1641, 1668, 1732, 1734, 1750, 1781, 1793, 1794, 1830, 1849, 1861, 1863, 1891, 1922, 1923, 1929, 1982, 1990, 2009, 2013, 2016, 2019, 2024, 2040, 2063, 2066, 2070, 2131, 2136, 2142, 2170, 2176, 2205, 2206, 2210, 2225, 2235, 2245, 2264, 2323, 2341, 2397, 2419, 2476, 2498, 2567, 2586, 2609, 2635, 2653, 2680, 2701, 2720, 2762, 2767, 2774, 2782, 2785, 2800, 2803, 2810, 2840, 2851, 2864, 2910, 2946, 2963, 2967, 2969, 2969, 2975, 2987, 2999, 3001]
<place><time>: 135, Lines: [86, 90, 122, 125, 128, 152, 160, 166, 166, 189, 222, 259, 367, 378, 459, 479, 493, 498, 515, 605, 639, 649, 654, 670, 702, 707, 742, 765, 778, 782, 790, 810, 818, 828, 874, 888, 888, 891, 950, 954, 1000, 1027, 1049, 1066, 1076, 1079, 1099, 1104, 1270, 1301, 1320, 1336, 1344, 1350, 1355, 1390, 1397, 1454, 1525, 1528, 1531, 1546, 1588, 1605, 1625, 1627, 1631, 1669, 1688, 1690, 1691, 1692, 1716, 1724, 1731, 1742, 1762, 1772, 1774, 1807, 1808, 1810, 1814, 1847, 1879, 1883, 1891, 1915, 1922, 1923, 1926, 1934, 1935, 1956, 1959, 1994, 1996, 2029, 2066, 2070, 2076, 2077, 2082, 2130, 2158, 2161, 2176, 2178, 2180, 2186, 2195, 2198, 2206, 2209, 2211, 2243, 2262, 2266, 2407, 2454, 2483, 2635, 2713, 2788, 2823, 2826, 2857, 2881, 2904, 2908, 2916, 2926, 3003, 3013, 3020]
<time><cause>: 88, Lines: [112, 122, 142, 152, 154, 215, 232, 267, 268, 301, 362, 377, 420, 459, 475, 511, 515, 533, 595, 620, 623, 634, 670, 671, 710, 719, 742, 787, 803, 822, 828, 888, 968, 996, 1008, 1013, 1029, 1225, 1351, 1420, 1425, 1531, 1547, 1553, 1561, 1697, 1721, 1758, 1790, 1795, 1877, 1922, 1939, 1998, 2040, 2066, 2067, 2102, 2118, 2145, 2177, 2185, 2195, 2209, 2238, 2268, 2278, 2316, 2319, 2382, 2391, 2457, 2509, 2517, 2518, 2522, 2538, 2589, 2599, 2659, 2661, 2691, 2849, 2854, 2871, 2871, 2991, 3007]
<effect><time>: 82, Lines: [121, 123, 139, 274, 317, 344, 377, 470, 550, 623, 642, 671, 719, 848, 904, 916, 969, 1019, 1088, 1160, 1260, 1332, 1348, 1353, 1360, 1381, 1463, 1483, 1487, 1504, 1513, 1514, 1517, 1563, 1566, 1584, 1601, 1665, 1714, 1723, 1734, 1751, 1793, 1910, 1922, 2020, 2087, 2145, 2151, 2166, 2180, 2183, 2196, 2207, 2227, 2320, 2360, 2388, 2391, 2426, 2450, 2457, 2467, 2469, 2498, 2516, 2532, 2541, 2555, 2574, 2619, 2620, 2635, 2670, 2690, 2776, 2807, 2915, 2928, 2930, 3016, 3022]
<time><purpose>: 73, Lines: [16, 27, 38, 44, 60, 199, 227, 260, 298, 299, 350, 371, 450, 452, 496, 593, 613, 643, 645, 654, 666, 726, 744, 818, 834, 874, 891, 928, 984, 1066, 1334, 1351, 1386, 1397, 1397, 1435, 1464, 1528, 1557, 1655, 1693, 1717, 1899, 1910, 1931, 1935, 1936, 1996, 2058, 2082, 2098, 2108, 2111, 2140, 2183, 2227, 2241, 2252, 2299, 2300, 2416, 2481, 2486, 2503, 2503, 2635, 2700, 2708, 2721, 2787, 2799, 2906, 2934]
<effect><cause>: 69, Lines: [18, 80, 111, 147, 148, 248, 264, 291, 334, 346, 413, 418, 435, 445, 464, 585, 589, 651, 688, 701, 747, 759, 766, 777, 801, 811, 870, 1007, 1087, 1116, 1121, 1180, 1181, 1482, 1512, 1527, 1555, 1559, 1585, 1607, 1778, 1778, 1784, 1816, 1829, 1944, 1964, 2056, 2114, 2114, 2162, 2183, 2251, 2284, 2351, 2418, 2435, 2444, 2447, 2482, 2501, 2531, 2629, 2656, 2747, 2850, 2875, 2933, 3005]
<purpose><time>: 64, Lines: [289, 298, 312, 331, 344, 350, 355, 369, 376, 424, 452, 459, 475, 490, 495, 496, 533, 542, 621, 685, 710, 741, 748, 758, 845, 849, 875, 882, 883, 989, 991, 995, 1015, 1090, 1337, 1344, 1351, 1357, 1419, 1420, 1449, 1647, 1931, 1962, 1989, 2083, 2203, 2229, 2234, 2237, 2252, 2423, 2433, 2438, 2503, 2650, 2659, 2798, 2841, 2848, 2873, 2957, 3003, 3003]
<time><effect>: 63, Lines: [26, 65, 71, 140, 166, 175, 230, 308, 334, 435, 447, 484, 490, 576, 669, 702, 730, 748, 825, 876, 902, 979, 1205, 1220, 1259, 1398, 1420, 1502, 1508, 1525, 1551, 1555, 1556, 1563, 1611, 1636, 1723, 1804, 1807, 1848, 1942, 1977, 2128, 2155, 2160, 2179, 2180, 2281, 2310, 2320, 2393, 2394, 2444, 2459, 2469, 2474, 2493, 2527, 2554, 2557, 2690, 2694, 2695]
<place><purpose>: 58, Lines: [74, 126, 141, 149, 187, 242, 246, 321, 331, 340, 369, 396, 424, 590, 591, 592, 687, 700, 716, 841, 844, 875, 882, 1030, 1090, 1098, 1248, 1317, 1330, 1419, 1419, 1469, 1556, 1687, 1858, 1885, 1968, 1990, 1992, 2007, 2013, 2077, 2135, 2216, 2229, 2237, 2347, 2412, 2523, 2528, 2652, 2718, 2887, 2917, 2957, 2957, 2967, 3014]
<place><effect>: 55, Lines: [19, 110, 131, 133, 196, 210, 410, 411, 515, 539, 675, 695, 696, 766, 870, 904, 913, 915, 937, 951, 1026, 1119, 1235, 1267, 1367, 1463, 1504, 1517, 1527, 1554, 1564, 1714, 1734, 1739, 1778, 1857, 1931, 2020, 2066, 2087, 2184, 2228, 2291, 2341, 2377, 2403, 2420, 2564, 2571, 2800, 2807, 2851, 2875, 2949, 2976]
<manner><place>: 53, Lines: [10, 57, 86, 135, 149, 297, 333, 374, 510, 534, 554, 572, 590, 677, 788, 790, 1044, 1097, 1098, 1102, 1113, 1118, 1302, 1486, 1588, 1627, 1688, 1817, 1883, 1883, 1888, 1917, 1918, 1940, 1992, 2016, 2049, 2103, 2132, 2153, 2211, 2253, 2326, 2369, 2441, 2479, 2605, 2635, 2738, 2774, 2917, 2982, 3010]
<place><manner>: 53, Lines: [51, 65, 119, 160, 314, 534, 542, 542, 554, 590, 693, 768, 788, 796, 846, 866, 977, 999, 1050, 1056, 1299, 1305, 1480, 1533, 1541, 1582, 1726, 1789, 1843, 1886, 1886, 1888, 1917, 1991, 2102, 2129, 2136, 2239, 2258, 2312, 2313, 2326, 2477, 2640, 2644, 2653, 2774, 2803, 2808, 2834, 2913, 2963, 2979]
<manner><purpose>: 51, Lines: [25, 118, 119, 137, 234, 315, 323, 476, 513, 516, 518, 548, 600, 670, 685, 693, 774, 845, 863, 869, 947, 983, 998, 1056, 1176, 1188, 1256, 1300, 1315, 1459, 1811, 1886, 1978, 1991, 2056, 2104, 2111, 2281, 2546, 2593, 2608, 2610, 2631, 2643, 2689, 2696, 2948, 2962, 2983, 3005, 3017]
<place><cause>: 48, Lines: [8, 110, 239, 258, 287, 402, 502, 704, 738, 750, 840, 888, 1093, 1127, 1237, 1321, 1396, 1516, 1587, 1595, 1626, 1646, 1794, 1982, 2017, 2019, 2037, 2040, 2055, 2063, 2080, 2081, 2087, 2121, 2131, 2212, 2359, 2429, 2543, 2625, 2651, 2697, 2740, 2824, 2843, 2859, 2864, 2934]
<time><concession>: 45, Lines: [71, 97, 153, 155, 247, 427, 538, 549, 568, 629, 713, 719, 765, 977, 980, 1076, 1097, 1113, 1193, 1332, 1402, 1490, 1520, 1869, 1884, 2057, 2189, 2219, 2294, 2431, 2452, 2458, 2553, 2584, 2677, 2686, 2705, 2713, 2776, 2797, 2841, 2916, 2928, 2964, 3017]
<time><manner>: 43, Lines: [5, 55, 177, 223, 233, 416, 479, 510, 530, 672, 732, 736, 792, 827, 939, 952, 988, 1022, 1280, 1301, 1308, 1315, 1369, 1390, 1631, 1816, 1868, 1871, 1966, 1978, 2065, 2119, 2173, 2184, 2229, 2318, 2409, 2479, 2638, 2674, 2696, 2746, 3005]
<effect><concession>: 43, Lines: [265, 271, 474, 482, 717, 728, 777, 780, 802, 817, 824, 889, 917, 941, 974, 979, 1039, 1054, 1057, 1276, 1327, 1404, 1532, 1551, 1693, 1695, 1961, 2150, 2184, 2256, 2364, 2385, 2411, 2414, 2432, 2437, 2563, 2567, 2588, 2699, 2880, 2947, 2951]
<effect><place>: 40, Lines: [22, 110, 133, 238, 332, 351, 398, 447, 478, 514, 515, 696, 902, 1016, 1118, 1278, 1355, 1427, 1586, 1596, 1670, 1727, 1760, 1782, 1833, 1857, 1955, 2078, 2081, 2088, 2123, 2130, 2327, 2407, 2418, 2472, 2496, 2592, 2672, 2938]
<purpose><place>: 37, Lines: [44, 45, 70, 128, 131, 218, 462, 465, 654, 765, 810, 828, 869, 1027, 1138, 1419, 1667, 1886, 1934, 1949, 1996, 2013, 2077, 2346, 2347, 2403, 2408, 2416, 2420, 2466, 2484, 2847, 2903, 2949, 2957, 2985, 3014]
<purpose><concession>: 36, Lines: [46, 122, 201, 250, 292, 298, 315, 330, 385, 550, 590, 646, 763, 773, 774, 945, 1074, 1130, 1137, 1188, 1246, 1256, 1397, 1434, 1453, 1484, 1560, 1706, 2087, 2260, 2331, 2370, 2380, 2700, 2889, 3015]
<manner><time>: 35, Lines: [102, 130, 132, 233, 281, 326, 384, 583, 599, 645, 846, 928, 977, 999, 1193, 1204, 1210, 1211, 1378, 1379, 1381, 1445, 1535, 1582, 1655, 1693, 1699, 1726, 1921, 2302, 2444, 2770, 2782, 2901, 2961]
<manner><effect>: 31, Lines: [55, 236, 245, 263, 397, 416, 488, 525, 527, 542, 570, 585, 668, 1100, 1125, 1140, 1163, 1190, 1421, 1422, 1480, 1694, 1816, 1955, 2087, 2119, 2136, 2259, 2322, 2558, 2913]
<place><concession>: 31, Lines: [128, 244, 298, 388, 523, 572, 680, 730, 852, 961, 1086, 1522, 1523, 1596, 1704, 1791, 1799, 1959, 1993, 2023, 2122, 2174, 2186, 2223, 2330, 2547, 2598, 2766, 2785, 2847, 2943]
<purpose><cause>: 27, Lines: [136, 150, 159, 192, 419, 436, 450, 548, 832, 834, 841, 951, 1455, 1459, 1471, 1538, 1557, 1575, 1721, 1935, 2043, 2246, 2537, 2655, 2754, 2781, 2809]
<concession><cause>: 25, Lines: [155, 285, 296, 385, 509, 980, 1005, 1051, 1148, 1193, 1551, 1562, 1637, 1761, 1855, 2122, 2189, 2267, 2294, 2357, 2458, 2488, 2584, 2910, 3017]
<effect><purpose>: 23, Lines: [150, 305, 328, 486, 490, 719, 724, 802, 951, 1318, 1366, 1408, 1433, 1962, 2080, 2340, 2437, 2551, 2657, 2814, 2903, 2909, 2970]
<manner><concession>: 23, Lines: [181, 244, 319, 487, 542, 588, 796, 1040, 1172, 1247, 1293, 1413, 1601, 1730, 1890, 1954, 2080, 2267, 2288, 2356, 2536, 2896, 2959]
<purpose><manner>: 23, Lines: [349, 371, 472, 583, 660, 724, 753, 1017, 1095, 1370, 1373, 1381, 1686, 1741, 2111, 2337, 2689, 2721, 2883, 2961, 3007, 3010, 3014]
<cause><effect>: 22, Lines: [122, 482, 612, 631, 1121, 1237, 1310, 1423, 1437, 1637, 1886, 1887, 1902, 2080, 2089, 2131, 2529, 2530, 2656, 2661, 2747, 3016]
<purpose><effect>: 21, Lines: [27, 38, 63, 76, 105, 262, 305, 322, 464, 817, 998, 1066, 1318, 1318, 1717, 1902, 1912, 2033, 2453, 2948, 3005]
<effect><manner>: 19, Lines: [269, 337, 513, 532, 585, 702, 783, 872, 970, 1083, 1084, 1356, 1717, 1851, 1887, 1906, 1918, 2335, 2923]
<cause><time>: 16, Lines: [206, 214, 567, 704, 719, 978, 1005, 1220, 1489, 2067, 2249, 2324, 2384, 2415, 2625, 2934]
<purpose><condition>: 14, Lines: [25, 28, 386, 409, 666, 714, 1333, 1556, 1591, 1780, 2192, 2299, 2699, 2934]
<concession><effect>: 14, Lines: [169, 271, 277, 334, 425, 487, 979, 1084, 1276, 1596, 1711, 2184, 2385, 2668]
<condition><effect>: 14, Lines: [269, 283, 392, 485, 714, 760, 1431, 1446, 1591, 1650, 1941, 2164, 2358, 2520]
<concession><place>: 12, Lines: [122, 550, 572, 1248, 1523, 1674, 1959, 2057, 2134, 2705, 2959, 2990]
<cause><concession>: 12, Lines: [187, 224, 264, 470, 674, 934, 1180, 1248, 2171, 2357, 2499, 2697]
<time><condition>: 11, Lines: [22, 251, 451, 761, 1274, 1446, 1724, 2048, 2193, 2211, 2970]
<cause><purpose>: 11, Lines: [93, 142, 226, 362, 719, 1225, 2347, 2380, 2429, 2484, 2655]
<time><place><effect>: 11, Lines: [210, 515, 675, 695, 696, 1527, 1734, 2066, 2341, 2800, 2851]
<manner><cause>: 11, Lines: [614, 719, 815, 921, 1396, 1541, 1886, 2312, 2315, 2335, 2970]
<time><place><manner>: 10, Lines: [65, 542, 542, 768, 977, 1480, 2136, 2653, 2774, 2803]
<effect><condition>: 10, Lines: [165, 392, 484, 1026, 1199, 1310, 1314, 1942, 2105, 2627]
<cause><place>: 10, Lines: [321, 738, 1425, 1546, 1778, 1829, 1937, 2087, 2199, 3019]
<concession><purpose>: 10, Lines: [523, 694, 741, 817, 961, 1337, 1400, 1683, 2414, 2978]
<place><time><cause>: 9, Lines: [122, 515, 670, 742, 888, 1531, 2066, 2195, 2209]
<cause><manner>: 9, Lines: [137, 385, 548, 670, 1316, 1790, 2441, 2545, 2648]
<concession><time>: 9, Lines: [247, 448, 542, 977, 1040, 1330, 1520, 2776, 2950]
<time><place><cause>: 9, Lines: [287, 402, 1794, 1982, 2019, 2040, 2063, 2131, 2864]
<place><purpose><time>: 9, Lines: [331, 369, 424, 875, 1090, 1419, 2229, 2237, 2957]