Total Tags: 17865
Average Tags per Line: 6.74

Adverbial Tag Frequencies and Relative Frequencies:
<place>: 1129 | 0.1931
<condition>: 156 | 0.0267
<cause>: 476 | 0.0814
<effect>: 1098 | 0.1878
<time>: 1326 | 0.2268
<manner>: 540 | 0.0924
<purpose>: 765 | 0.1309
<concession>: 356 | 0.0609

Adverbial Tag Average Positions:
<place>: 0.49
<condition>: 0.44
<cause>: 0.61
<effect>: 0.53
<time>: 0.49
<manner>: 0.51
<purpose>: 0.52
<concession>: 0.48

Probabilities of Adverbials Before/After S, V, O:
<place>: {'before_<S>': 0.3888396811337467, 'after_<S>': 0.6111603188662533, 'before_<V>': 0.4348981399468556, 'after_<V>': 0.5651018600531443, 'before_<O>': 0.3739495798319328, 'after_<O>': 0.6260504201680672}
<condition>: {'before_<S>': 0.44871794871794873, 'after_<S>': 0.5512820512820513, 'before_<V>': 0.47435897435897434, 'after_<V>': 0.5256410256410257, 'before_<O>': 0.3786407766990291, 'after_<O>': 0.6213592233009708}
<cause>: {'before_<S>': 0.32142857142857145, 'after_<S>': 0.6785714285714286, 'before_<V>': 0.3130252100840336, 'after_<V>': 0.6869747899159664, 'before_<O>': 0.2696245733788396, 'after_<O>': 0.7303754266211604}
<effect>: {'before_<S>': 0.3381950774840474, 'after_<S>': 0.6618049225159526, 'before_<V>': 0.33363719234275296, 'after_<V>': 0.6663628076572471, 'before_<O>': 0.30666666666666664, 'after_<O>': 0.6933333333333334}
<time>: {'before_<S>': 0.4039483675018983, 'after_<S>': 0.5960516324981018, 'before_<V>': 0.44166666666666665, 'after_<V>': 0.5583333333333333, 'before_<O>': 0.4138728323699422, 'after_<O>': 0.5861271676300578}
<manner>: {'before_<S>': 0.37037037037037035, 'after_<S>': 0.6296296296296297, 'before_<V>': 0.40185185185185185, 'after_<V>': 0.5981481481481481, 'before_<O>': 0.32360742705570295, 'after_<O>': 0.6763925729442971}
<purpose>: {'before_<S>': 0.34901960784313724, 'after_<S>': 0.6509803921568628, 'before_<V>': 0.35294117647058826, 'after_<V>': 0.6470588235294118, 'before_<O>': 0.2862523540489642, 'after_<O>': 0.7137476459510358}
<concession>: {'before_<S>': 0.37359550561797755, 'after_<S>': 0.6264044943820225, 'before_<V>': 0.40168539325842695, 'after_<V>': 0.598314606741573, 'before_<O>': 0.329004329004329, 'after_<O>': 0.670995670995671}

Top 50 SVO and Adverbial Combinations with Line Numbers:
<S><V><effect>: 127, Lines: [33, 42, 87, 167, 193, 205, 254, 279, 316, 342, 381, 400, 432, 453, 480, 625, 661, 678, 681, 819, 868, 906, 1025, 1036, 1114, 1122, 1143, 1159, 1170, 1218, 1226, 1232, 1234, 1238, 1240, 1257, 1263, 1266, 1284, 1288, 1294, 1306, 1309, 1323, 1325, 1326, 1331, 1341, 1368, 1380, 1479, 1491, 1499, 1503, 1505, 1540, 1565, 1597, 1700, 1705, 1710, 1729, 1802, 1842, 1844, 1878, 1985, 1988, 2005, 2054, 2086, 2092, 2093, 2137, 2138, 2149, 2167, 2169, 2188, 2275, 2279, 2280, 2282, 2283, 2293, 2349, 2379, 2389, 2392, 2401, 2404, 2422, 2460, 2461, 2468, 2473, 2475, 2494, 2497, 2515, 2533, 2542, 2559, 2575, 2602, 2673, 2698, 2728, 2751, 2753, 2793, 2801, 2821, 2822, 2862, 2865, 2866, 2867, 2907, 2912, 2914, 2920, 2936, 2937, 2945, 2953, 2993]
<S><V><O><time>: 81, Lines: [81, 172, 176, 184, 243, 266, 404, 406, 426, 440, 443, 457, 520, 529, 546, 659, 830, 871, 910, 918, 949, 955, 972, 1011, 1028, 1043, 1094, 1111, 1153, 1165, 1184, 1191, 1209, 1249, 1250, 1285, 1342, 1377, 1389, 1428, 1458, 1473, 1474, 1477, 1518, 1583, 1645, 1677, 1722, 1728, 1756, 1809, 1862, 1865, 1880, 1905, 1909, 1983, 1987, 1997, 2000, 2060, 2168, 2321, 2381, 2390, 2417, 2510, 2604, 2623, 2649, 2663, 2671, 2688, 2743, 2779, 2780, 2825, 2855, 2939, 2942]
<S><V><O><effect>: 70, Lines: [43, 49, 213, 288, 335, 345, 407, 415, 458, 468, 491, 586, 606, 630, 653, 786, 799, 909, 922, 967, 1006, 1075, 1157, 1167, 1174, 1182, 1183, 1298, 1329, 1409, 1436, 1438, 1447, 1492, 1589, 1623, 1685, 1738, 1769, 1806, 1882, 1952, 1975, 2014, 2034, 2094, 2146, 2181, 2197, 2208, 2272, 2273, 2274, 2276, 2309, 2311, 2317, 2332, 2353, 2355, 2395, 2436, 2448, 2601, 2637, 2745, 2878, 2989, 3008, 3018]
<S><V><O><place>: 61, Lines: [6, 21, 61, 120, 295, 343, 372, 383, 399, 428, 442, 444, 500, 504, 519, 544, 638, 804, 1034, 1124, 1154, 1164, 1241, 1258, 1359, 1375, 1406, 1569, 1603, 1635, 1707, 1720, 1770, 1839, 1914, 1947, 1948, 1995, 2133, 2156, 2220, 2232, 2242, 2263, 2298, 2375, 2413, 2577, 2658, 2709, 2710, 2711, 2723, 2729, 2773, 2818, 2860, 2888, 2895, 2955, 2968]
<S><V><O><purpose>: 59, Lines: [17, 41, 101, 179, 229, 231, 240, 241, 253, 272, 302, 356, 387, 492, 508, 563, 571, 580, 582, 604, 877, 929, 940, 973, 987, 1009, 1020, 1033, 1230, 1239, 1264, 1387, 1414, 1452, 1466, 1485, 1494, 1496, 1684, 1907, 1971, 2027, 2095, 2191, 2285, 2290, 2334, 2373, 2400, 2442, 2471, 2600, 2616, 2687, 2692, 2704, 2756, 2783, 3009]
<S><V><place>: 51, Lines: [78, 92, 212, 363, 365, 673, 769, 837, 838, 850, 914, 930, 932, 944, 1141, 1177, 1286, 1401, 1441, 1451, 1509, 1529, 1567, 1628, 1658, 1805, 1860, 1864, 1927, 1974, 2120, 2172, 2213, 2218, 2428, 2491, 2569, 2580, 2582, 2603, 2626, 2702, 2706, 2735, 2742, 2759, 2876, 2886, 2986, 2998, 3000]
<S><V><time>: 45, Lines: [47, 94, 103, 151, 202, 204, 380, 391, 422, 566, 641, 665, 689, 893, 895, 986, 1014, 1058, 1069, 1103, 1106, 1132, 1192, 1217, 1224, 1403, 1633, 1740, 1744, 1919, 1925, 2003, 2045, 2074, 2116, 2127, 2248, 2303, 2305, 2568, 2581, 2607, 2628, 2645, 2890]
<S><V><purpose>: 43, Lines: [69, 91, 200, 300, 375, 499, 543, 551, 764, 781, 864, 881, 899, 1168, 1219, 1236, 1289, 1388, 1439, 1580, 1619, 1689, 1970, 2061, 2115, 2297, 2344, 2350, 2399, 2405, 2425, 2502, 2540, 2548, 2579, 2591, 2724, 2726, 2727, 2731, 2748, 2856, 2885]
<S><V><O><concession>: 33, Lines: [14, 185, 382, 644, 735, 820, 879, 1061, 1077, 1078, 1082, 1112, 1123, 1171, 1186, 1222, 1228, 1254, 1363, 1376, 1410, 1443, 1456, 1708, 1986, 2079, 2308, 2463, 2552, 2565, 2905, 2911, 2918]
<S><V><O><manner>: 32, Lines: [31, 54, 162, 216, 366, 393, 531, 648, 797, 982, 1060, 1065, 1080, 1253, 1346, 1468, 1493, 1498, 1821, 1900, 1916, 2200, 2376, 2410, 2480, 2732, 2739, 2741, 2758, 2768, 2769, 2966]
<S><V><O><cause>: 23, Lines: [59, 107, 324, 423, 547, 553, 559, 805, 1032, 1110, 1340, 1394, 1519, 1640, 1771, 1779, 1976, 2012, 2525, 2535, 2556, 2816, 2981]
<S><V><effect><time>: 21, Lines: [123, 139, 642, 969, 1160, 1260, 1353, 1514, 1566, 1584, 2151, 2426, 2450, 2467, 2516, 2541, 2574, 2619, 2620, 2670, 2930]
<S><V><effect><cause>: 20, Lines: [18, 111, 291, 445, 1007, 1087, 1181, 1482, 1512, 1585, 1607, 1964, 2284, 2351, 2435, 2447, 2482, 2531, 2629, 2850]
<S><V><time><place>: 20, Lines: [194, 437, 446, 497, 524, 931, 1085, 1109, 1271, 1830, 1849, 2024, 2142, 2476, 2762, 2767, 2946, 2975, 2987, 2999]
<S><V><cause>: 18, Lines: [280, 461, 635, 721, 809, 1187, 1279, 1365, 1444, 1573, 2144, 2301, 2526, 2534, 2597, 2612, 2737, 2995]
<S><V><O><time><cause>: 17, Lines: [232, 420, 634, 787, 968, 996, 1758, 1795, 2118, 2238, 2319, 2509, 2517, 2518, 2522, 2599, 2854]
<S><V><time><cause>: 15, Lines: [112, 154, 268, 301, 595, 1008, 1029, 1547, 1697, 2268, 2316, 2382, 2538, 2691, 2991]
<S><V><effect><concession>: 15, Lines: [265, 474, 728, 917, 974, 1039, 1327, 1404, 1532, 2150, 2256, 2588, 2880, 2947, 2951]
<S><V><time><effect>: 14, Lines: [26, 230, 669, 825, 1205, 1508, 1611, 1636, 2155, 2393, 2394, 2474, 2493, 2694]
<S><V><O><place><time>: 14, Lines: [493, 498, 782, 950, 1079, 1625, 1669, 1742, 1915, 2029, 2178, 2243, 2483, 2823]
<S><V><O><time><purpose>: 12, Lines: [16, 60, 613, 744, 1334, 1386, 1435, 1899, 2058, 2098, 2108, 2241]
<S><V><place><time>: 12, Lines: [222, 259, 954, 1320, 1350, 1692, 1716, 1994, 2158, 2881, 2926, 3013]
<S><V><effect><place>: 12, Lines: [351, 478, 514, 1016, 1427, 1586, 1760, 2123, 2327, 2472, 2592, 2672]
<S><V><manner>: 12, Lines: [663, 715, 1117, 1134, 1144, 1243, 1296, 1608, 1813, 2110, 2270, 2839]
<S><V><O><place><purpose>: 10, Lines: [74, 687, 1687, 1858, 2412, 2523, 2528, 2652, 2718, 2887]
<S><V><O><time><manner>: 10, Lines: [177, 672, 792, 827, 988, 1022, 1369, 1966, 2409, 2638]
<S><V><O><time><S><V><O>: 10, Lines: [255, 379, 626, 885, 1002, 1579, 1773, 2230, 2842, 2844]
<S><V><O><condition>: 10, Lines: [256, 507, 746, 894, 985, 990, 1198, 1307, 1411, 1571]
<S><V><O><time><place>: 10, Lines: [466, 541, 960, 1035, 1364, 1382, 1863, 2170, 2245, 2840]
<S><V><place><cause>: 9, Lines: [8, 750, 1127, 1321, 1587, 2055, 2121, 2543, 2859]
<S><V><effect><S><V><effect>: 9, Lines: [11, 652, 1115, 1169, 1233, 1574, 1593, 2371, 2940]
<S><V><effect><S><V>: 9, Lines: [88, 310, 1501, 1602, 1747, 1754, 1827, 2449, 2492]
<S><V><O><place><S><V>: 9, Lines: [173, 919, 920, 1642, 1651, 1798, 1819, 2022, 2221]
<S><V><O><place><cause>: 9, Lines: [258, 1516, 1595, 2017, 2037, 2212, 2651, 2740, 2843]
<S><V><place><effect>: 8, Lines: [19, 913, 915, 1235, 1267, 1554, 1739, 2228]
<S><V><O><effect><cause>: 8, Lines: [148, 248, 801, 811, 1116, 1944, 2162, 2501]
<S><V><O><manner><effect>: 8, Lines: [397, 527, 668, 1100, 1125, 1163, 1694, 2558]
<S><V><O><S><V><O><time>: 8, Lines: [522, 867, 936, 1037, 1038, 1913, 2159, 2786]
<S><V><place><S><V>: 8, Lines: [1399, 1644, 1660, 1755, 1958, 2001, 2257, 2730]
<S><V><O><purpose><time>: 7, Lines: [376, 995, 1015, 2203, 2433, 2798, 2848]
<S><V><O><time><concession>: 7, Lines: [427, 538, 568, 1884, 2431, 2686, 2964]
<S><V><O><manner><purpose>: 7, Lines: [516, 863, 1176, 2546, 2593, 2962, 2983]
<S><V><O><time><effect>: 7, Lines: [576, 1259, 2160, 2179, 2310, 2527, 2695]
<S><V><O><time><S><V><effect>: 7, Lines: [1178, 1242, 1275, 1417, 2669, 2693, 2830]
<S><V><time><manner>: 6, Lines: [5, 732, 736, 1308, 1868, 2674]
<S><V><time><purpose>: 6, Lines: [227, 726, 984, 2300, 2486, 2708]
<S><V><purpose><concession>: 6, Lines: [330, 646, 1137, 1246, 2331, 2889]
<S><V><O><time><S><V>: 6, Lines: [858, 1347, 1746, 1963, 2366, 2667]
<S><V><O><purpose><effect>: 5, Lines: [76, 262, 1912, 2033, 2453]
<S><V><O><place><S><V><O><place>: 5, Lines: [211, 494, 1295, 1322, 1675]

Top 50 Multiple Adverbial Combinations with Line Numbers:
<time><place>: 152, Lines: [65, 96, 122, 134, 136, 160, 166, 189, 194, 210, 244, 246, 287, 312, 331, 340, 346, 364, 367, 402, 437, 446, 466, 471, 497, 506, 515, 524, 541, 542, 542, 542, 583, 591, 621, 631, 637, 657, 675, 695, 696, 700, 712, 731, 768, 823, 840, 888, 931, 960, 977, 1035, 1085, 1109, 1201, 1265, 1271, 1330, 1343, 1344, 1344, 1361, 1362, 1364, 1371, 1379, 1382, 1431, 1459, 1480, 1483, 1513, 1515, 1523, 1527, 1605, 1612, 1615, 1641, 1668, 1732, 1734, 1750, 1781, 1793, 1794, 1830, 1849, 1861, 1863, 1891, 1922, 1923, 1929, 1982, 1990, 2009, 2013, 2016, 2019, 2024, 2040, 2063, 2066, 2070, 2131, 2136, 2142, 2170, 2176, 2205, 2206, 2210, 2225, 2235, 2245, 2264, 2323, 2341, 2397, 2419, 2476, 2498, 2567, 2586, 2609, 2635, 2653, 2680, 2701, 2720, 2762, 2767, 2774, 2782, 2785, 2800, 2803, 2810, 2840, 2851, 2864, 2910, 2946, 2963, 2967, 2969, 2969, 2975, 2987, 2999, 3001]
<place><time>: 135, Lines: [86, 90, 122, 125, 128, 152, 160, 166, 166, 189, 222, 259, 367, 378, 459, 479, 493, 498, 515, 605, 639, 649, 654, 670, 702, 707, 742, 765, 778, 782, 790, 810, 818, 828, 874, 888, 888, 891, 950, 954, 1000, 1027, 1049, 1066, 1076, 1079, 1099, 1104, 1270, 1301, 1320, 1336, 1344, 1350, 1355, 1390, 1397, 1454, 1525, 1528, 1531, 1546, 1588, 1605, 1625, 1627, 1631, 1669, 1688, 1690, 1691, 1692, 1716, 1724, 1731, 1742, 1762, 1772, 1774, 1807, 1808, 1810, 1814, 1847, 1879, 1883, 1891, 1915, 1922, 1923, 1926, 1934, 1935, 1956, 1959, 1994, 1996, 2029, 2066, 2070, 2076, 2077, 2082, 2130, 2158, 2161, 2176, 2178, 2180, 2186, 2195, 2198, 2206, 2209, 2211, 2243, 2262, 2266, 2407, 2454, 2483, 2635, 2713, 2788, 2823, 2826, 2857, 2881, 2904, 2908, 2916, 2926, 3003, 3013, 3020]
<time><cause>: 88, Lines: [112, 122, 142, 152, 154, 215, 232, 267, 268, 301, 362, 377, 420, 459, 475, 511, 515, 533, 595, 620, 623, 634, 670, 671, 710, 719, 742, 787, 803, 822, 828, 888, 968, 996, 1008, 1013, 1029, 1225, 1351, 1420, 1425, 1531, 1547, 1553, 1561, 1697, 1721, 1758, 1790, 1795, 1877, 1922, 1939, 1998, 2040, 2066, 2067, 2102, 2118, 2145, 2177, 2185, 2195, 2209, 2238, 2268, 2278, 2316, 2319, 2382, 2391, 2457, 2509, 2517, 2518, 2522, 2538, 2589, 2599, 2659, 2661, 2691, 2849, 2854, 2871, 2871, 2991, 3007]
<effect><time>: 82, Lines: [121, 123, 139, 274, 317, 344, 377, 470, 550, 623, 642, 671, 719, 848, 904, 916, 969, 1019, 1088, 1160, 1260, 1332, 1348, 1353, 1360, 1381, 1463, 1483, 1487, 1504, 1513, 1514, 1517, 1563, 1566, 1584, 1601, 1665, 1714, 1723, 1734, 1751, 1793, 1910, 1922, 2020, 2087, 2145, 2151, 2166, 2180, 2183, 2196, 2207, 2227, 2320, 2360, 2388, 2391, 2426, 2450, 2457, 2467, 2469, 2498, 2516, 2532, 2541, 2555, 2574, 2619, 2620, 2635, 2670, 2690, 2776, 2807, 2915, 2928, 2930, 3016, 3022]
<time><purpose>: 73, Lines: [16, 27, 38, 44, 60, 199, 227, 260, 298, 299, 350, 371, 450, 452, 496, 593, 613, 643, 645, 654, 666, 726, 744, 818, 834, 874, 891, 928, 984, 1066, 1334, 1351, 1386, 1397, 1397, 1435, 1464, 1528, 1557, 1655, 1693, 1717, 1899, 1910, 1931, 1935, 1936, 1996, 2058, 2082, 2098, 2108, 2111, 2140, 2183, 2227, 2241, 2252, 2299, 2300, 2416, 2481, 2486, 2503, 2503, 2635, 2700, 2708, 2721, 2787, 2799, 2906, 2934]
<effect><cause>: 69, Lines: [18, 80, 111, 147, 148, 248, 264, 291, 334, 346, 413, 418, 435, 445, 464, 585, 589, 651, 688, 701, 747, 759, 766, 777, 801, 811, 870, 1007, 1087, 1116, 1121, 1180, 1181, 1482, 1512, 1527, 1555, 1559, 1585, 1607, 1778, 1778, 1784, 1816, 1829, 1944, 1964, 2056, 2114, 2114, 2162, 2183, 2251, 2284, 2351, 2418, 2435, 2444, 2447, 2482, 2501, 2531, 2629, 2656, 2747, 2850, 2875, 2933, 3005]
<purpose><time>: 64, Lines: [289, 298, 312, 331, 344, 350, 355, 369, 376, 424, 452, 459, 475, 490, 495, 496, 533, 542, 621, 685, 710, 741, 748, 758, 845, 849, 875, 882, 883, 989, 991, 995, 1015, 1090, 1337, 1344, 1351, 1357, 1419, 1420, 1449, 1647, 1931, 1962, 1989, 2083, 2203, 2229, 2234, 2237, 2252, 2423, 2433, 2438, 2503, 2650, 2659, 2798, 2841, 2848, 2873, 2957, 3003, 3003]
<time><effect>: 63, Lines: [26, 65, 71, 140, 166, 175, 230, 308, 334, 435, 447, 484, 490, 576, 669, 702, 730, 748, 825, 876, 902, 979, 1205, 1220, 1259, 1398, 1420, 1502, 1508, 1525, 1551, 1555, 1556, 1563, 1611, 1636, 1723, 1804, 1807, 1848, 1942, 1977, 2128, 2155, 2160, 2179, 2180, 2281, 2310, 2320, 2393, 2394, 2444, 2459, 2469, 2474, 2493, 2527, 2554, 2557, 2690, 2694, 2695]
<place><purpose>: 58, Lines: [74, 126, 141, 149, 187, 242, 246, 321, 331, 340, 369, 396, 424, 590, 591, 592, 687, 700, 716, 841, 844, 875, 882, 1030, 1090, 1098, 1248, 1317, 1330, 1419, 1419, 1469, 1556, 1687, 1858, 1885, 1968, 1990, 1992, 2007, 2013, 2077, 2135, 2216, 2229, 2237, 2347, 2412, 2523, 2528, 2652, 2718, 2887, 2917, 2957, 2957, 2967, 3014]
<place><effect>: 55, Lines: [19, 110, 131, 133, 196, 210, 410, 411, 515, 539, 675, 695, 696, 766, 870, 904, 913, 915, 937, 951, 1026, 1119, 1235, 1267, 1367, 1463, 1504, 1517, 1527, 1554, 1564, 1714, 1734, 1739, 1778, 1857, 1931, 2020, 2066, 2087, 2184, 2228, 2291, 2341, 2377, 2403, 2420, 2564, 2571, 2800, 2807, 2851, 2875, 2949, 2976]
<manner><place>: 53, Lines: [10, 57, 86, 135, 149, 297, 333, 374, 510, 534, 554, 572, 590, 677, 788, 790, 1044, 1097, 1098, 1102, 1113, 1118, 1302, 1486, 1588, 1627, 1688, 1817, 1883, 1883, 1888, 1917, 1918, 1940, 1992, 2016, 2049, 2103, 2132, 2153, 2211, 2253, 2326, 2369, 2441, 2479, 2605, 2635, 2738, 2774, 2917, 2982, 3010]
<place><manner>: 53, Lines: [51, 65, 119, 160, 314, 534, 542, 542, 554, 590, 693, 768, 788, 796, 846, 866, 977, 999, 1050, 1056, 1299, 1305, 1480, 1533, 1541, 1582, 1726, 1789, 1843, 1886, 1886, 1888, 1917, 1991, 2102, 2129, 2136, 2239, 2258, 2312, 2313, 2326, 2477, 2640, 2644, 2653, 2774, 2803, 2808, 2834, 2913, 2963, 2979]
<manner><purpose>: 51, Lines: [25, 118, 119, 137, 234, 315, 323, 476, 513, 516, 518, 548, 600, 670, 685, 693, 774, 845, 863, 869, 947, 983, 998, 1056, 1176, 1188, 1256, 1300, 1315, 1459, 1811, 1886, 1978, 1991, 2056, 2104, 2111, 2281, 2546, 2593, 2608, 2610, 2631, 2643, 2689, 2696, 2948, 2962, 2983, 3005, 3017]
<place><cause>: 48, Lines: [8, 110, 239, 258, 287, 402, 502, 704, 738, 750, 840, 888, 1093, 1127, 1237, 1321, 1396, 1516, 1587, 1595, 1626, 1646, 1794, 1982, 2017, 2019, 2037, 2040, 2055, 2063, 2080, 2081, 2087, 2121, 2131, 2212, 2359, 2429, 2543, 2625, 2651, 2697, 2740, 2824, 2843, 2859, 2864, 2934]
<time><concession>: 45, Lines: [71, 97, 153, 155, 247, 427, 538, 549, 568, 629, 713, 719, 765, 977, 980, 1076, 1097, 1113, 1193, 1332, 1402, 1490, 1520, 1869, 1884, 2057, 2189, 2219, 2294, 2431, 2452, 2458, 2553, 2584, 2677, 2686, 2705, 2713, 2776, 2797, 2841, 2916, 2928, 2964, 3017]
<time><manner>: 43, Lines: [5, 55, 177, 223, 233, 416, 479, 510, 530, 672, 732, 736, 792, 827, 939, 952, 988, 1022, 1280, 1301, 1308, 1315, 1369, 1390, 1631, 1816, 1868, 1871, 1966, 1978, 2065, 2119, 2173, 2184, 2229, 2318, 2409, 2479, 2638, 2674, 2696, 2746, 3005]
<effect><concession>: 43, Lines: [265, 271, 474, 482, 717, 728, 777, 780, 802, 817, 824, 889, 917, 941, 974, 979, 1039, 1054, 1057, 1276, 1327, 1404, 1532, 1551, 1693, 1695, 1961, 2150, 2184, 2256, 2364, 2385, 2411, 2414, 2432, 2437, 2563, 2567, 2588, 2699, 2880, 2947, 2951]
<effect><place>: 40, Lines: [22, 110, 133, 238, 332, 351, 398, 447, 478, 514, 515, 696, 902, 1016, 1118, 1278, 1355, 1427, 1586, 1596, 1670, 1727, 1760, 1782, 1833, 1857, 1955, 2078, 2081, 2088, 2123, 2130, 2327, 2407, 2418, 2472, 2496, 2592, 2672, 2938]
<purpose><place>: 37, Lines: [44, 45, 70, 128, 131, 218, 462, 465, 654, 765, 810, 828, 869, 1027, 1138, 1419, 1667, 1886, 1934, 1949, 1996, 2013, 2077, 2346, 2347, 2403, 2408, 2416, 2420, 2466, 2484, 2847, 2903, 2949, 2957, 2985, 3014]
<purpose><concession>: 36, Lines: [46, 122, 201, 250, 292, 298, 315, 330, 385, 550, 590, 646, 763, 773, 774, 945, 1074, 1130, 1137, 1188, 1246, 1256, 1397, 1434, 1453, 1484, 1560, 1706, 2087, 2260, 2331, 2370, 2380, 2700, 2889, 3015]
<manner><time>: 35, Lines: [102, 130, 132, 233, 281, 326, 384, 583, 599, 645, 846, 928, 977, 999, 1193, 1204, 1210, 1211, 1378, 1379, 1381, 1445, 1535, 1582, 1655, 1693, 1699, 1726, 1921, 2302, 2444, 2770, 2782, 2901, 2961]
<manner><effect>: 31, Lines: [55, 236, 245, 263, 397, 416, 488, 525, 527, 542, 570, 585, 668, 1100, 1125, 1140, 1163, 1190, 1421, 1422, 1480, 1694, 1816, 1955, 2087, 2119, 2136, 2259, 2322, 2558, 2913]
<place><concession>: 31, Lines: [128, 244, 298, 388, 523, 572, 680, 730, 852, 961, 1086, 1522, 1523, 1596, 1704, 1791, 1799, 1959, 1993, 2023, 2122, 2174, 2186, 2223, 2330, 2547, 2598, 2766, 2785, 2847, 2943]
<purpose><cause>: 27, Lines: [136, 150, 159, 192, 419, 436, 450, 548, 832, 834, 841, 951, 1455, 1459, 1471, 1538, 1557, 1575, 1721, 1935, 2043, 2246, 2537, 2655, 2754, 2781, 2809]
<concession><cause>: 25, Lines: [155, 285, 296, 385, 509, 980, 1005, 1051, 1148, 1193, 1551, 1562, 1637, 1761, 1855, 2122, 2189, 2267, 2294, 2357, 2458, 2488, 2584, 2910, 3017]
<effect><purpose>: 23, Lines: [150, 305, 328, 486, 490, 719, 724, 802, 951, 1318, 1366, 1408, 1433, 1962, 2080, 2340, 2437, 2551, 2657, 2814, 2903, 2909, 2970]
<manner><concession>: 23, Lines: [181, 244, 319, 487, 542, 588, 796, 1040, 1172, 1247, 1293, 1413, 1601, 1730, 1890, 1954, 2080, 2267, 2288, 2356, 2536, 2896, 2959]
<purpose><manner>: 23, Lines: [349, 371, 472, 583, 660, 724, 753, 1017, 1095, 1370, 1373, 1381, 1686, 1741, 2111, 2337, 2689, 2721, 2883, 2961, 3007, 3010, 3014]
<cause><effect>: 22, Lines: [122, 482, 612, 631, 1121, 1237, 1310, 1423, 1437, 1637, 1886, 1887, 1902, 2080, 2089, 2131, 2529, 2530, 2656, 2661, 2747, 3016]
<purpose><effect>: 21, Lines: [27, 38, 63, 76, 105, 262, 305, 322, 464, 817, 998, 1066, 1318, 1318, 1717, 1902, 1912, 2033, 2453, 2948, 3005]
<effect><manner>: 19, Lines: [269, 337, 513, 532, 585, 702, 783, 872, 970, 1083, 1084, 1356, 1717, 1851, 1887, 1906, 1918, 2335, 2923]
<cause><time>: 16, Lines: [206, 214, 567, 704, 719, 978, 1005, 1220, 1489, 2067, 2249, 2324, 2384, 2415, 2625, 2934]
<purpose><condition>: 14, Lines: [25, 28, 386, 409, 666, 714, 1333, 1556, 1591, 1780, 2192, 2299, 2699, 2934]
<concession><effect>: 14, Lines: [169, 271, 277, 334, 425, 487, 979, 1084, 1276, 1596, 1711, 2184, 2385, 2668]
<condition><effect>: 14, Lines: [269, 283, 392, 485, 714, 760, 1431, 1446, 1591, 1650, 1941, 2164, 2358, 2520]
<concession><place>: 12, Lines: [122, 550, 572, 1248, 1523, 1674, 1959, 2057, 2134, 2705, 2959, 2990]
<cause><concession>: 12, Lines: [187, 224, 264, 470, 674, 934, 1180, 1248, 2171, 2357, 2499, 2697]
<time><condition>: 11, Lines: [22, 251, 451, 761, 1274, 1446, 1724, 2048, 2193, 2211, 2970]
<cause><purpose>: 11, Lines: [93, 142, 226, 362, 719, 1225, 2347, 2380, 2429, 2484, 2655]
<time><place><effect>: 11, Lines: [210, 515, 675, 695, 696, 1527, 1734, 2066, 2341, 2800, 2851]
<manner><cause>: 11, Lines: [614, 719, 815, 921, 1396, 1541, 1886, 2312, 2315, 2335, 2970]
<time><place><manner>: 10, Lines: [65, 542, 542, 768, 977, 1480, 2136, 2653, 2774, 2803]
<effect><condition>: 10, Lines: [165, 392, 484, 1026, 1199, 1310, 1314, 1942, 2105, 2627]
<cause><place>: 10, Lines: [321, 738, 1425, 1546, 1778, 1829, 1937, 2087, 2199, 3019]
<concession><purpose>: 10, Lines: [523, 694, 741, 817, 961, 1337, 1400, 1683, 2414, 2978]
<place><time><cause>: 9, Lines: [122, 515, 670, 742, 888, 1531, 2066, 2195, 2209]
<cause><manner>: 9, Lines: [137, 385, 548, 670, 1316, 1790, 2441, 2545, 2648]
<concession><time>: 9, Lines: [247, 448, 542, 977, 1040, 1330, 1520, 2776, 2950]
<time><place><cause>: 9, Lines: [287, 402, 1794, 1982, 2019, 2040, 2063, 2131, 2864]
<place><purpose><time>: 9, Lines: [331, 369, 424, 875, 1090, 1419, 2229, 2237, 2957]